Layer 0
2
Layer 1
6
Layer 2
2

Hidden Layer Activation Function:
sigmoid

Output Layer Activation Function:
sigmoid

Learning Rate:
0.5

Weight 0
6
2
1.51171 0.107268 
-1.26077 0.000599663 
-9.88575 -0.502616 
-0.330265 -1.48972 
11.1465 0.351735 
0.0567713 -4.13204 

Weight 1
2
6
-0.348413 -0.572931 3.65785 0.00859562 3.64058 -0.0258112 
1.88979 2.82051 -3.77243 0.893347 -3.52872 -0.654156 

Bias 0
6
1
2.4412 
2.58704 
6.44467 
-2.78563 
7.92801 
3.87545 

Bias 1
2
1
0.611832 
4.65804 

Samples:
78
-40 4 0
-39 -2 0
-17 -21 0
6 -14 0
3 26 0
-10 41 0
-38 36 0
-24 11 0
-12 31 0
-4 47 0
5 45 0
21 34 0
21 17 0
24 2 0
28 -36 0
16 -31 0
1 -33 0
-32 -24 0
-47 -9 0
-56 32 0
-36 50 0
-26 53 0
-18 54 0
8 53 0
13 46 0
29 26 0
30 10 0
23 -12 0
8 -36 0
-12 -36 0
-37 -34 0
-199 234 1
-223 212 1
-233 190 1
-239 173 1
-241 164 1
-222 205 1
-203 215 1
-197 220 1
-208 181 1
-232 155 1
-241 139 1
188 229 1
202 209 1
216 178 1
216 177 1
205 211 1
171 224 1
192 193 1
198 165 1
199 156 1
199 159 1
182 205 1
207 161 1
215 140 1
215 141 1
212 157 1
-226 -167 1
-218 -185 1
-204 -210 1
-187 -233 1
-231 -193 1
-222 -214 1
-208 -232 1
-192 -240 1
-204 -190 1
-212 -168 1
-184 -224 1
-183 -224 1
212 -173 1
206 -215 1
198 -228 1
230 -155 1
227 -208 1
217 -229 1
232 -161 1
226 -208 1
207 -194 1
