Layer 0
2
Layer 1
8
Layer 2
6
Layer 3
2
Layer 4
2

Hidden Layer Activation Function:
tanh

Output Layer Activation Function:
tanh

Learning Rate:
0.1

Weight 0
8
2
-1.55517 -0.0585833 
0.509165 -1.70564 
-1.65912 2.46746 
-3.79487 0.386329 
0.819484 -1.75147 
0.960484 -3.25444 
3.42579 2.11553 
10.7485 -1.37481 

Weight 1
6
8
0.34138 -0.329067 2.51826 0.0485179 -0.824841 -2.74009 -1.48496 2.89498 
-0.424365 0.0909213 0.421838 -0.397882 0.582716 0.490837 1.17531 -0.448372 
-0.865434 -1.42861 3.58149 2.63225 -1.17479 -1.26594 -2.44832 3.03053 
1.88852 -0.756175 0.684983 1.61526 0.0730426 1.11099 0.140744 -0.309005 
-1.10371 1.26854 -1.33567 2.63355 1.58139 1.42146 0.565599 -0.997235 
0.985451 -0.712073 2.89997 1.18262 -1.34081 -0.33928 2.91983 0.711768 

Weight 2
2
6
1.78796 0.683752 2.06916 -2.38427 3.20845 -3.16624 
0.225042 0.722264 -0.438896 0.761837 0.436494 0.338274 

Weight 3
2
2
-1.29152 0.022651 
1.32809 -0.198288 

Bias 0
8
1
2.36073 
1.67593 
2.73106 
2.43681 
1.6644 
1.96765 
3.22555 
-1.66185 

Bias 1
6
1
1.48974 
1.61909 
0.79385 
1.07556 
0.81917 
0.908788 

Bias 2
2
1
1.52084 
1.53722 

Bias 3
2
1
1.2507 
1.51776 

Samples:
89
-3 2 0
-13 15 0
-29 26 0
-34 28 0
-42 30 0
-66 37 0
-82 37 0
-100 29 0
-115 13 0
-125 -2 0
-121 -12 0
-117 -25 0
-110 -45 0
-102 -65 0
-97 -78 0
-80 -95 0
-59 -107 0
-25 -117 0
13 -123 0
44 -121 0
64 -111 0
90 -84 0
113 -43 0
129 3 0
130 27 0
122 54 0
103 83 0
89 97 0
54 123 0
24 150 0
-13 172 0
-34 179 0
-53 183 0
-83 179 0
-141 174 0
-152 172 0
-175 164 0
-203 146 0
-214 141 0
-237 124 0
-248 120 0
-261 107 0
4 -2 1
13 -8 1
34 -13 1
38 -12 1
38 -6 1
40 4 1
38 23 1
33 35 1
24 52 1
12 71 1
-2 80 1
-48 90 1
-88 90 1
-102 90 1
-121 82 1
-135 78 1
-137 71 1
-138 71 1
-155 43 1
-166 32 1
-171 20 1
-191 -38 1
-199 -57 1
-200 -104 1
-200 -108 1
-186 -138 1
-179 -146 1
-171 -158 1
-156 -170 1
-121 -196 1
-99 -198 1
-50 -210 1
49 -222 1
4 -223 1
94 -211 1
117 -198 1
148 -179 1
172 -153 1
219 -104 1
228 -79 1
237 -53 1
241 -40 1
250 -9 1
252 -2 1
257 31 1
263 52 1
265 73 1
