Layer 0
2
Layer 1
5
Layer 2
3

Activation Function:
sigmoid

Learning Rate:
0.7

Weight 0
5
2
-8.92056 -0.407057 
0.200628 -3.38141 
-7.60044 -0.0510467 
0.329064 -2.28002 
10.7106 1.11474 

Weight 1
3
5
0.131068 0.133019 -0.152811 -0.190329 -3.1865 
-3.80772 -0.373608 0.60115 0.438157 0.0158766 
1.717 0.0576971 1.68777 -0.081272 3.42152 

Bias 0
5
1
4.59694 
3.3426 
2.62491 
2.63422 
6.8166 

Bias 1
3
1
3.22217 
3.16738 
3.35712e-05 

Samples:
22
-198 167 0
-217 144 0
-189 134 0
-187 154 0
151 157 1
152 141 1
155 139 1
165 126 1
-13 -85 2
14 -81 2
7 -75 2
3 -97 2
-156 -60 0
-167 -75 0
-151 -67 0
141 -66 1
171 -109 1
169 -91 1
-22 47 2
-37 23 2
-14 22 2
-12 36 2
