Layer 0
2
Layer 1
2
Layer 2
2

Activation Function:
sigmoid

Learning Rate:
0.6

Weight 0
2
2
7.04279 7.70105 
-7.07369 -7.16972 

Weight 1
2
2
3.42512 3.42 
-3.24928 -3.31148 

Bias 0
2
1
7.76778 
6.61746 

Bias 1
2
1
-0.0128922 
6.53963 

Samples:
51
-172 155 0
148 -154 0
123 150 1
-144 -151 1
-181 136 0
-177 119 0
-165 129 0
-157 134 0
-147 145 0
-149 169 0
-162 172 0
-181 163 0
-200 124 0
-187 116 0
161 -131 0
127 -145 0
118 -168 0
126 -177 0
161 -182 0
192 -165 0
179 -151 0
175 -147 0
172 -147 0
156 -153 0
155 -173 0
-167 -139 1
-163 -172 1
-153 -174 1
-147 -166 1
-148 -143 1
-178 -128 1
-182 -138 1
-180 -163 1
-176 -176 1
-158 -181 1
-149 -166 1
-149 -129 1
122 173 1
113 155 1
113 150 1
124 126 1
127 128 1
136 144 1
134 159 1
126 157 1
126 140 1
126 140 1
100 160 1
119 161 1
150 152 1
150 132 1
