Layer 0
2
Layer 1
8
Layer 2
6
Layer 3
2
Layer 4
2

Hidden Layer Activation Function:
tanh

Output Layer Activation Function:
tanh

Learning Rate:
0.1

Weight 0
8
2
-1.55269 -0.0592604 
0.505709 -1.70515 
-1.65668 2.46241 
-3.79652 0.38928 
0.815798 -1.75096 
0.959681 -3.25458 
3.42386 2.12266 
10.749 -1.37421 

Weight 1
6
8
0.34074 -0.327168 2.51972 0.0487417 -0.822957 -2.7383 -1.48303 2.89609 
-0.422997 0.0923927 0.420785 -0.396551 0.584167 0.492327 1.17394 -0.449715 
-0.865527 -1.42892 3.58146 2.63221 -1.17513 -1.26653 -2.44823 3.03059 
1.8897 -0.755708 0.685318 1.61462 0.073523 1.11134 0.141523 -0.308449 
-1.1049 1.26671 -1.33738 2.6376 1.5787 1.41794 0.562912 -1.00228 
0.987113 -0.712909 2.90021 1.18327 -1.34166 -0.34015 2.91959 0.710791 

Weight 2
2
6
1.78066 0.687865 2.06331 -2.38108 3.21858 -3.17413 
0.224719 0.722466 -0.439184 0.761542 0.436813 0.337938 

Weight 3
2
2
-1.29854 0.030763 
1.34157 -0.196066 

Bias 0
8
1
2.36428 
1.67755 
2.73639 
2.4339 
1.66627 
1.96688 
3.22205 
-1.66053 

Bias 1
6
1
1.49206 
1.62048 
0.793788 
1.07605 
0.816691 
0.907719 

Bias 2
2
1
1.52654 
1.53719 

Bias 3
2
1
1.2628 
1.52067 

Samples:
89
-3 2 0
-13 15 0
-29 26 0
-34 28 0
-42 30 0
-66 37 0
-82 37 0
-100 29 0
-115 13 0
-125 -2 0
-121 -12 0
-117 -25 0
-110 -45 0
-102 -65 0
-97 -78 0
-80 -95 0
-59 -107 0
-25 -117 0
13 -123 0
44 -121 0
64 -111 0
90 -84 0
113 -43 0
129 3 0
130 27 0
122 54 0
103 83 0
89 97 0
54 123 0
24 150 0
-13 172 0
-34 179 0
-53 183 0
-83 179 0
-141 174 0
-152 172 0
-175 164 0
-203 146 0
-214 141 0
-237 124 0
-248 120 0
-261 107 0
4 -2 1
13 -8 1
34 -13 1
38 -12 1
38 -6 1
40 4 1
38 23 1
33 35 1
24 52 1
12 71 1
-2 80 1
-48 90 1
-88 90 1
-102 90 1
-121 82 1
-135 78 1
-137 71 1
-138 71 1
-155 43 1
-166 32 1
-171 20 1
-191 -38 1
-199 -57 1
-200 -104 1
-200 -108 1
-186 -138 1
-179 -146 1
-171 -158 1
-156 -170 1
-121 -196 1
-99 -198 1
-50 -210 1
49 -222 1
4 -223 1
94 -211 1
117 -198 1
148 -179 1
172 -153 1
219 -104 1
228 -79 1
237 -53 1
241 -40 1
250 -9 1
252 -2 1
257 31 1
263 52 1
265 73 1
