Layer 0
2
Layer 1
2
Layer 2
3
Layer 3
2
Layer 4
2

Hidden Layer Activation Function:
sigmoid

Output Layer Activation Function:
sigmoid

Learning Rate:
0.5

Weight 0
2
2
3.83721 0.471325 
0.259913 4.41041 

Weight 1
3
2
-3.49379 -3.41802 
3.3533 3.3284 
-0.348999 -0.353926 

Weight 2
2
3
-2.63695 -4.41346 0.671661 
5.57492 -1.61812 0.555123 

Weight 3
2
2
-5.82322 2.66396 
5.82315 -2.66767 

Bias 0
2
1
-0.194328 
0.292332 

Bias 1
3
1
3.29681 
2.5653 
2.34584 

Bias 2
2
1
1.95229 
1.89461 

Bias 3
2
1
-2.50458 
2.50828 

Samples:
22
-238 203 0
-240 200 0
-218 208 0
-226 189 0
-209 200 0
-36 52 0
-41 34 0
-24 40 0
-17 39 0
-13 21 0
-35 20 0
-38 212 1
-48 196 1
-28 201 1
-32 189 1
-238 48 1
-250 31 1
-202 47 1
-209 34 1
-224 28 1
-232 44 1
-221 38 1
