Layer 0
2
Layer 1
6
Layer 2
8
Layer 3
5
Layer 4
2

Hidden Layer Activation Function:
sigmoid

Output Layer Activation Function:
sigmoid

Learning Rate:
0.5

Weight 0
6
2
0.772552 -2.25611 
3.05371 -3.11202 
0.698937 -2.76959 
-1.78629 -3.68844 
4.39105 -0.269341 
0.68755 -2.18351 

Weight 1
8
6
0.769397 0.96785 2.45648 1.21887 0.856152 0.320462 
0.244061 2.31158 0.220625 -0.209769 -3.15555 0.92713 
-1.52079 0.0842732 -1.13663 -2.24143 -2.06714 -0.569857 
0.0996154 -0.192321 0.115378 -0.401717 0.268394 0.188813 
-0.0128028 0.122682 -0.241573 -0.128518 -0.314116 0.326061 
1.05183 1.77979 0.489915 -0.467092 -1.80838 0.456573 
0.156627 -0.196403 0.551855 2.40606 0.0279776 0.591392 
-0.651474 1.50857 0.378528 -2.06949 -1.36716 0.536945 

Weight 2
5
8
0.620308 0.606909 0.00353352 1.09848 0.975435 -0.0773166 -0.215872 0.285787 
-1.27816 0.659359 1.73886 -1.27181 -1.07207 0.806497 -0.771376 0.570184 
-2.07586 0.216734 2.04762 -0.516863 -0.272977 0.496071 -1.63723 0.229243 
-1.15164 3.62527 2.15502 1.45512 1.11237 2.12103 -0.952344 3.43948 
-1.95479 1.09007 2.1931 -0.751749 0.641656 -0.0597252 -1.92748 0.95202 

Weight 3
2
5
1.01862 0.038223 -0.71602 -3.4102 0.700084 
1.88603 -0.264995 0.120196 3.67108 1.10599 

Bias 0
6
1
0.767378 
-2.11616 
0.513131 
1.85712 
2.62213 
-0.356395 

Bias 1
8
1
0.942645 
1.60771 
0.727178 
1.9595 
1.77447 
0.745907 
1.25067 
2.30876 

Bias 2
5
1
2.61035 
0.815222 
0.494718 
2.99758 
-0.278924 

Bias 3
2
1
2.41016 
2.83507 

Samples:
192
-40 4 0
-39 -2 0
-17 -21 0
6 -14 0
3 26 0
-10 41 0
-38 36 0
-24 11 0
-12 31 0
-4 47 0
5 45 0
21 34 0
21 17 0
24 2 0
28 -36 0
16 -31 0
1 -33 0
-32 -24 0
-47 -9 0
-56 32 0
-36 50 0
-26 53 0
-18 54 0
8 53 0
13 46 0
29 26 0
30 10 0
23 -12 0
8 -36 0
-12 -36 0
-37 -34 0
-199 234 1
-223 212 1
-233 190 1
-239 173 1
-241 164 1
-222 205 1
-203 215 1
-197 220 1
-208 181 1
-232 155 1
-241 139 1
188 229 1
202 209 1
216 178 1
216 177 1
205 211 1
171 224 1
192 193 1
198 165 1
199 156 1
199 159 1
182 205 1
207 161 1
215 140 1
215 141 1
212 157 1
-226 -167 1
-218 -185 1
-204 -210 1
-187 -233 1
-231 -193 1
-222 -214 1
-208 -232 1
-192 -240 1
-204 -190 1
-212 -168 1
-184 -224 1
-183 -224 1
212 -173 1
206 -215 1
198 -228 1
230 -155 1
227 -208 1
217 -229 1
232 -161 1
226 -208 1
207 -194 1
-185 227 1
-168 233 1
-154 235 1
-113 240 1
-75 240 1
-5 239 1
20 239 1
74 239 1
110 233 1
167 228 1
181 223 1
212 225 1
225 206 1
182 225 1
133 236 1
120 238 1
36 244 1
15 244 1
-27 241 1
-54 245 1
-57 245 1
-85 245 1
-88 245 1
-106 243 1
-124 243 1
-165 224 1
-203 213 1
-211 201 1
-234 136 1
-237 126 1
-238 91 1
-240 93 1
-240 122 1
-240 30 1
-242 36 1
-233 78 1
-232 53 1
-233 51 1
-238 -37 1
-240 -30 1
-241 -7 1
-238 -5 1
-233 -61 1
-237 -95 1
-238 -96 1
-237 -121 1
-230 -144 1
-233 -113 1
-236 -68 1
-205 -162 1
-202 -197 1
-191 -256 1
-177 -250 1
-154 -251 1
-131 -258 1
-63 -259 1
-61 -258 1
-160 -232 1
-121 -240 1
-91 -237 1
-78 -248 1
-32 -246 1
10 -247 1
35 -244 1
74 -244 1
127 -245 1
171 -244 1
184 -231 1
189 -230 1
124 -234 1
93 -244 1
81 -244 1
47 -245 1
14 -240 1
-58 -243 1
-23 -259 1
79 -239 1
169 -232 1
208 -223 1
219 -192 1
224 -155 1
236 -104 1
235 -81 1
228 -21 1
223 38 1
214 104 1
214 115 1
221 141 1
231 77 1
231 69 1
228 46 1
219 86 1
255 16 1
255 -9 1
248 -35 1
245 -53 1
231 32 1
234 22 1
242 -59 1
231 -123 1
230 -134 1
228 -141 1
221 -157 1
238 -146 1
258 -3 1
252 34 1
239 64 1
234 88 1
-247 81 1
-250 35 1
-252 -21 1
-8 251 1
25 249 1
106 249 1
